# Date:2015-08-03
# Author:LRP
# Desctiption:
# Fake input for rsganal.py
fn6822-01 16.36 18.594 17.23 14.156 0.004 13.373 0.002 13.089 0.003 3000.0 100.0 150.0
fn6822-02 17.005 18.958 17.89 15.53 0.008 14.724 0.005 14.517 0.006 3000.0 100.0 150.0
fn6822-04 16.279 18.512 17.222 14.372 0.004 13.583 0.003 13.298 0.003 3000.0 100.0 150.0
fn6822-07 16.493 18.425 17.378 15.061 0.006 14.298 0.004 14.078 0.005 3000.0 100.0 150.0
fn6822-08 17.405 19.144 18.17 15.952 0.01 15.157 0.007 14.98 0.008 3000.0 100.0 150.0
fn6822-09 16.557 18.559 17.347 14.43 0.004 13.666 0.003 13.339 0.003 3000.0 100.0 150.0
fn6822-10 14.8 17.047 15.856 13.433 0.003 12.657 0.002 12.424 0.002 3000.0 100.0 150.0
fn6822-11 14.704 16.907 15.739 13.431 0.003 12.695 0.002 12.428 0.002 3000.0 100.0 150.0
fn6822-14 15.127 17.408 16.198 13.522 0.003 12.761 0.002 12.523 0.002 3000.0 100.0 150.0
fn6822-17 16.658 18.75 17.512 14.699 0.005 13.861 0.003 13.607 0.004 3000.0 100.0 150.0
fn6822-18 17.174 19.118 18.057 15.746 0.009 14.942 0.006 14.781 0.007 3000.0 100.0 100.0
