# Author: LRP
# Date: 20-01-2015
# Description
# Input file for rsgjanal.py
# NGC6822 data
# Structure:
# 0-1: ID's:ID ID1
# 2-7: RA DEC
# 8-16: Photometry:B V R J err H err K err
# 17-18: res. err
# 19: S/N
J194443.81-144610.7  RSG01  19 44 43.81  -14 46 10.7  16.360  18.594  17.230  14.156  0.004  13.373  0.002  13.089  0.003 3511 110 222.8
J194445.98-145102.4  RSG02  19 44 45.98  -14 51 02.4  17.005  18.958  17.890  15.530  0.008  14.724  0.005  14.517  0.006 3736 142 119.6
J194447.81-145052.5  RSG04  19 44 47.81  -14 50 52.5  16.279  18.512  17.222  14.372  0.004  13.583  0.003  13.298  0.003 3736 142 211.4
J194453.46-144552.6  RSG07  19 44 53.46  -14 45 52.6  16.493  18.425  17.378  15.061  0.006  14.298  0.004  14.078  0.005 3511 110 144.6
J194453.46-144540.1  RSG08  19 44 53.46  -14 45 40.1  17.405  19.144  18.170  15.952  0.010  15.157  0.007  14.980  0.008 3511 110 103.3
J194454.46-144806.2  RSG09  19 44 54.46  -14 48 06.2  16.557  18.559  17.347  14.430  0.004  13.666  0.003  13.339  0.003 3511 110 201.0
J194454.54-145127.1  RSG10  19 44 54.54  -14 51 27.1  14.800  17.047  15.856  13.433  0.003  12.657  0.002  12.424  0.002 3736 142 301.5
J194455.70-145155.4  RSG11  19 44 55.70  -14 51 55.4  14.704  16.907  15.739  13.431  0.003  12.695  0.002  12.428  0.002 3736 142 326.7
J194457.31-144920.2  RSG14  19 44 57.31  -14 49 20.2  15.127  17.408  16.198  13.522  0.003  12.761  0.002  12.523  0.002 2963 87  283.5
J194500.53-144826.5  RSG17  19 45 00.53  -14 48 26.5  16.658  18.750  17.512  14.699  0.005  13.861  0.003  13.607  0.004 2963 87  167.4
J194506.98-145031.1  RSG18  19 45 06.98  -14 50 31.1  17.174  19.118  18.057  15.746  0.009  14.942  0.006  14.781  0.007 2963 87  104.0

