# Author: LRP
# Date: 15-06-2015
# Description:
# Spectrum of NGC6822-RSG01 taken from a grid of synthetic spectra
# At model resolution and sampling
# 1: Wavelength
# 2: Norm. Flux
1.165020 0.977436
1.165050 0.978807
1.165079 0.983323
1.165109 0.990649
1.165139 0.996064
1.165168 0.997883
1.165198 0.991094
1.165228 0.970855
1.165257 0.941759
1.165287 0.911072
1.165317 0.892622
1.165346 0.897904
1.165376 0.926269
1.165406 0.958132
1.165435 0.979539
1.165465 0.990660
1.165495 0.993408
1.165524 0.988265
1.165554 0.975521
1.165584 0.953876
1.165613 0.923547
1.165643 0.900451
1.165673 0.898937
1.165702 0.919227
1.165732 0.951261
1.165762 0.977063
1.165791 0.990702
1.165821 0.995442
1.165851 0.996011
1.165880 0.994834
1.165910 0.993224
1.165940 0.992149
1.165969 0.990936
1.165999 0.987303
1.166029 0.979102
1.166058 0.967594
1.166088 0.952818
1.166118 0.948812
1.166147 0.955153
1.166177 0.966471
1.166207 0.976181
1.166236 0.979191
1.166266 0.979146
1.166296 0.982216
1.166325 0.988794
1.166355 0.996699
1.166385 1.001440
1.166414 1.003573
1.166444 1.003146
1.166474 0.999120
1.166503 0.987685
1.166533 0.966027
1.166563 0.932439
1.166592 0.902983
1.166622 0.892643
1.166652 0.908707
1.166681 0.932975
1.166711 0.955363
1.166741 0.960647
1.166770 0.947300
1.166800 0.918765
1.166830 0.888560
1.166859 0.877549
1.166889 0.884542
1.166919 0.899129
1.166948 0.919743
1.166978 0.937037
1.167008 0.950612
1.167037 0.961707
1.167067 0.969696
1.167097 0.974107
1.167126 0.972727
1.167156 0.965070
1.167186 0.957853
1.167215 0.957619
1.167245 0.965079
1.167275 0.975651
1.167304 0.986549
1.167334 0.992152
1.167364 0.992273
1.167393 0.991640
1.167423 0.992268
1.167453 0.993456
1.167482 0.994423
1.167512 0.994672
1.167542 0.994231
1.167571 0.993220
1.167601 0.992612
1.167631 0.993766
1.167660 0.996504
1.167690 0.999239
1.167720 1.001191
1.167749 1.000655
1.167779 0.998801
1.167809 0.996893
1.167838 0.996293
1.167868 0.996120
1.167898 0.994536
1.167927 0.987644
1.167957 0.969597
1.167987 0.939090
1.168016 0.912039
1.168046 0.891609
1.168076 0.895099
1.168105 0.911359
1.168135 0.930975
1.168165 0.948147
1.168194 0.963177
1.168224 0.978343
1.168254 0.989333
1.168283 0.987043
1.168313 0.971334
1.168343 0.944436
1.168372 0.921575
1.168402 0.912542
1.168432 0.920587
1.168461 0.941380
1.168491 0.965984
1.168521 0.978262
1.168550 0.980755
1.168580 0.979355
1.168610 0.979655
1.168639 0.984504
1.168669 0.991312
1.168699 0.995971
1.168728 0.999302
1.168758 0.999782
1.168788 0.996683
1.168817 0.984514
1.168847 0.956795
1.168877 0.898978
1.168906 0.827406
1.168936 0.736995
1.168966 0.642702
1.168995 0.604018
1.169025 0.633024
1.169055 0.707963
1.169084 0.801829
1.169114 0.881906
1.169144 0.939179
1.169173 0.972524
1.169203 0.990393
1.169233 0.997009
1.169262 0.997048
1.169292 0.990209
1.169322 0.974845
1.169351 0.953433
1.169381 0.932024
1.169411 0.919246
1.169440 0.919274
1.169470 0.929371
1.169500 0.929514
1.169529 0.917103
1.169559 0.903275
1.169589 0.904329
1.169618 0.921639
1.169648 0.947897
1.169678 0.973275
1.169707 0.989330
1.169737 0.998162
1.169767 1.001185
1.169796 1.002021
1.169826 1.001328
1.169856 0.999013
1.169885 0.993417
1.169915 0.982670
1.169945 0.967032
1.169974 0.945749
1.170004 0.931943
1.170034 0.935229
1.170063 0.948532
1.170093 0.971442
1.170123 0.986844
1.170152 0.997846
1.170182 0.999739
1.170212 0.997215
1.170241 0.992736
1.170271 0.989650
1.170301 0.989593
1.170330 0.992893
1.170360 0.997711
1.170390 1.002515
1.170419 1.005399
1.170449 1.006428
1.170479 1.006054
1.170508 1.004291
1.170538 0.999664
1.170568 0.991506
1.170597 0.983485
1.170627 0.976612
1.170657 0.975032
1.170686 0.976967
1.170716 0.975797
1.170746 0.965519
1.170775 0.941154
1.170805 0.917380
1.170835 0.903517
1.170864 0.911037
1.170894 0.932183
1.170924 0.958362
1.170953 0.976700
1.170983 0.985014
1.171013 0.988849
1.171042 0.990936
1.171072 0.988748
1.171102 0.979863
1.171131 0.951589
1.171161 0.913393
1.171191 0.883279
1.171220 0.877977
1.171250 0.898453
1.171280 0.931826
1.171309 0.961780
1.171339 0.986144
1.171369 0.996635
1.171398 0.999920
1.171428 0.997838
1.171458 0.993668
1.171487 0.990728
1.171517 0.989299
1.171547 0.991851
1.171576 0.994403
1.171606 0.998380
1.171636 0.999941
1.171665 0.996925
1.171695 0.989597
1.171725 0.977210
1.171754 0.963400
1.171784 0.955261
1.171814 0.958327
1.171843 0.969683
1.171873 0.982533
1.171903 0.993589
1.171932 0.998020
1.171962 0.999064
1.171992 0.998935
1.172021 0.999068
1.172051 0.999601
1.172081 1.000158
1.172110 0.999803
1.172140 0.997299
1.172170 0.988797
1.172199 0.972456
1.172229 0.946825
1.172259 0.914015
1.172288 0.887797
1.172318 0.870874
1.172348 0.865654
1.172377 0.879101
1.172407 0.906985
1.172437 0.942963
1.172466 0.969157
1.172496 0.981277
1.172526 0.986283
1.172555 0.988498
1.172585 0.990978
1.172615 0.993323
1.172644 0.993916
1.172674 0.991327
1.172704 0.986727
1.172733 0.982414
1.172763 0.978366
1.172793 0.971754
1.172822 0.962610
1.172852 0.953793
1.172882 0.952717
1.172911 0.960703
1.172941 0.974639
1.172971 0.989999
1.173000 0.999883
1.173030 1.002595
1.173060 1.001167
1.173089 0.998079
1.173119 0.993024
1.173149 0.989534
1.173179 0.988112
1.173208 0.988802
1.173238 0.990736
1.173268 0.992903
1.173297 0.992998
1.173327 0.989740
1.173357 0.983797
1.173386 0.978612
1.173416 0.976220
1.173446 0.977003
1.173475 0.980053
1.173505 0.983569
1.173535 0.985394
1.173564 0.982640
1.173594 0.970359
1.173624 0.946518
1.173653 0.923006
1.173683 0.909402
1.173713 0.916324
1.173742 0.938606
1.173772 0.965576
1.173802 0.984763
1.173831 0.995325
1.173861 0.999000
1.173891 0.998701
1.173920 0.994607
1.173950 0.985796
1.173980 0.968961
1.174009 0.939984
1.174039 0.917556
1.174069 0.908002
1.174098 0.918230
1.174128 0.941135
1.174158 0.971152
1.174187 0.991340
1.174217 1.001474
1.174247 1.005127
1.174276 1.005425
1.174306 1.003472
1.174336 1.001568
1.174365 1.000196
1.174395 1.000682
1.174425 1.002478
1.174454 1.004024
1.174484 1.004657
1.174514 1.004240
1.174543 1.002994
1.174573 1.000876
1.174603 0.996545
1.174632 0.989059
1.174662 0.977050
1.174692 0.966230
1.174721 0.958428
1.174751 0.956735
1.174781 0.960210
1.174810 0.965640
1.174840 0.969500
1.174870 0.973022
1.174899 0.978020
1.174929 0.983773
1.174959 0.990707
1.174988 0.995814
1.175018 0.999122
1.175048 0.999661
1.175077 0.994742
1.175107 0.981315
1.175137 0.951397
1.175166 0.912436
1.175196 0.883306
1.175226 0.875404
1.175255 0.892864
1.175285 0.919940
1.175315 0.944131
1.175344 0.958582
1.175374 0.968132
1.175404 0.974643
1.175433 0.979182
1.175463 0.982320
1.175493 0.985404
1.175522 0.988940
1.175552 0.990368
1.175582 0.987950
1.175611 0.983356
1.175641 0.979838
1.175671 0.979626
1.175700 0.979449
1.175730 0.974628
1.175760 0.964908
1.175789 0.954903
1.175819 0.953511
1.175849 0.961695
1.175878 0.976000
1.175908 0.988379
1.175938 0.997630
1.175967 1.001544
1.175997 1.002806
1.176027 1.002854
1.176056 1.002325
1.176086 1.001681
1.176116 1.000913
1.176145 0.999852
1.176175 0.998274
1.176205 0.997119
1.176234 0.997006
1.176264 0.998398
1.176294 1.000332
1.176323 1.001796
1.176353 1.002210
1.176383 1.001806
1.176412 1.000910
1.176442 0.998472
1.176472 0.990519
1.176501 0.972973
1.176531 0.944855
1.176561 0.916353
1.176590 0.898558
1.176620 0.900916
1.176650 0.926374
1.176679 0.956810
1.176709 0.979633
1.176739 0.991909
1.176768 0.998819
1.176798 1.000926
1.176828 0.998639
1.176857 0.987002
1.176887 0.957953
1.176917 0.916521
1.176946 0.875665
1.176976 0.850155
1.177006 0.856861
1.177035 0.886921
1.177065 0.926308
1.177095 0.959366
1.177124 0.976572
1.177154 0.978362
1.177184 0.958474
1.177213 0.910405
1.177243 0.857317
1.177273 0.818435
1.177302 0.822928
1.177332 0.857393
1.177362 0.907329
1.177391 0.954840
1.177421 0.982120
1.177451 0.994836
1.177480 0.998390
1.177510 0.997096
1.177540 0.993664
1.177569 0.989832
1.177599 0.986206
1.177629 0.981629
1.177658 0.973974
1.177688 0.963858
1.177718 0.956427
1.177747 0.955035
1.177777 0.963637
1.177807 0.977786
1.177836 0.986574
1.177866 0.989398
1.177896 0.985075
1.177925 0.971805
1.177955 0.947043
1.177985 0.914784
1.178014 0.873305
1.178044 0.835810
1.178074 0.808385
1.178103 0.801070
1.178133 0.802494
1.178163 0.806604
1.178192 0.807500
1.178222 0.792772
1.178252 0.763455
1.178281 0.713666
1.178311 0.678254
1.178341 0.686040
1.178370 0.748279
1.178400 0.846634
1.178430 0.927395
1.178459 0.972124
1.178489 0.993950
1.178519 0.999510
1.178548 1.000603
1.178578 1.000805
1.178608 1.001239
1.178637 1.001750
1.178667 1.001054
1.178697 0.996975
1.178726 0.987617
1.178756 0.974001
1.178786 0.963094
1.178815 0.960053
1.178845 0.965864
1.178875 0.976767
1.178904 0.986816
1.178934 0.991839
1.178964 0.993656
1.178993 0.995128
1.179023 0.997083
1.179053 0.999523
1.179082 1.001388
1.179112 1.002268
1.179142 1.002289
1.179171 1.001269
1.179201 0.999006
1.179231 0.994744
1.179260 0.988761
1.179290 0.982025
1.179320 0.976705
1.179349 0.976323
1.179379 0.979543
1.179409 0.983588
1.179438 0.983966
1.179468 0.977485
1.179498 0.958820
1.179527 0.937579
1.179557 0.913147
1.179587 0.902635
1.179616 0.902769
1.179646 0.899285
1.179676 0.886685
1.179705 0.872926
1.179735 0.879862
1.179765 0.912545
1.179794 0.946519
1.179824 0.974268
1.179854 0.981248
1.179883 0.970055
1.179913 0.950479
1.179943 0.926727
1.179972 0.910553
1.180002 0.912202
1.180032 0.931592
1.180061 0.953896
1.180091 0.974829
1.180121 0.988082
1.180150 0.993866
1.180180 0.994178
1.180210 0.990427
1.180239 0.985632
1.180269 0.983604
1.180299 0.985497
1.180328 0.990927
1.180358 0.997455
1.180388 1.001379
1.180417 1.001666
1.180447 0.999665
1.180477 0.996336
1.180506 0.993354
1.180536 0.991461
1.180566 0.991312
1.180595 0.992912
1.180625 0.995522
1.180655 0.997848
1.180684 0.997671
1.180714 0.993148
1.180744 0.982392
1.180773 0.967208
1.180803 0.960080
1.180833 0.962742
1.180862 0.971227
1.180892 0.982304
1.180922 0.991287
1.180951 0.995981
1.180981 0.994446
1.181011 0.982127
1.181040 0.954208
1.181070 0.919612
1.181100 0.883700
1.181129 0.858838
1.181159 0.857604
1.181189 0.870193
1.181218 0.884671
1.181248 0.898708
1.181278 0.915827
1.181307 0.939377
1.181337 0.960154
1.181367 0.981322
1.181396 0.995364
1.181426 1.001256
1.181456 1.004986
1.181485 1.006490
1.181515 1.006284
1.181545 1.004511
1.181574 1.001076
1.181604 0.996023
1.181634 0.990479
1.181663 0.985956
1.181693 0.983806
1.181723 0.984012
1.181752 0.984793
1.181782 0.982484
1.181812 0.976865
1.181841 0.971212
1.181871 0.967969
1.181901 0.970986
1.181930 0.980644
1.181960 0.988849
1.181990 0.992616
1.182019 0.990446
1.182049 0.983494
1.182079 0.978224
1.182108 0.977452
1.182138 0.983293
1.182168 0.990028
1.182197 0.994958
1.182227 0.996665
1.182257 0.995267
1.182286 0.992903
1.182316 0.991311
1.182346 0.990978
1.182375 0.991110
1.182405 0.990967
1.182435 0.990388
1.182464 0.988389
1.182494 0.982408
1.182524 0.968670
1.182554 0.946135
1.182583 0.913483
1.182613 0.888087
1.182643 0.867875
1.182672 0.852753
1.182702 0.831988
1.182732 0.782434
1.182761 0.715114
1.182791 0.661500
1.182821 0.648041
1.182850 0.692800
1.182880 0.768198
1.182910 0.859287
1.182939 0.912687
1.182969 0.929954
1.182999 0.922100
1.183028 0.911712
1.183058 0.914853
1.183088 0.932707
1.183117 0.955924
1.183147 0.983592
1.183177 0.997409
1.183206 1.003029
1.183236 1.005149
1.183266 1.005908
1.183295 1.006343
1.183325 1.006564
1.183355 1.006341
1.183384 1.005469
1.183414 1.003791
1.183444 1.001891
1.183473 1.000342
1.183503 0.999531
1.183533 0.999978
1.183562 1.001501
1.183592 1.002615
1.183622 1.002748
1.183651 1.002015
1.183681 1.001283
1.183711 1.000551
1.183740 0.999305
1.183770 0.996039
1.183800 0.986702
1.183829 0.971852
1.183859 0.949896
1.183889 0.926032
1.183918 0.914194
1.183948 0.924209
1.183978 0.938727
1.184007 0.956519
1.184037 0.964127
1.184067 0.955823
1.184096 0.934559
1.184126 0.909167
1.184156 0.890780
1.184185 0.898433
1.184215 0.924292
1.184245 0.945171
1.184274 0.961779
1.184304 0.958030
1.184334 0.942879
1.184363 0.924099
1.184393 0.921667
1.184423 0.936651
1.184452 0.954418
1.184482 0.975823
1.184512 0.991765
1.184541 0.999794
1.184571 1.003893
1.184601 1.005244
1.184630 1.004905
1.184660 1.003059
1.184690 0.998900
1.184719 0.994391
1.184749 0.992057
1.184779 0.991951
1.184808 0.993541
1.184838 0.995944
1.184868 0.996774
1.184897 0.995056
1.184927 0.989366
1.184957 0.980657
1.184986 0.972155
1.185016 0.968929
1.185046 0.971650
1.185075 0.977809
1.185105 0.982564
1.185135 0.985701
1.185164 0.988165
1.185194 0.991677
1.185224 0.996910
1.185253 1.002007
1.185283 1.004715
1.185313 1.005366
1.185342 1.003669
1.185372 1.000432
1.185402 0.996765
1.185431 0.994038
1.185461 0.992281
1.185491 0.991543
1.185520 0.989942
1.185550 0.987095
1.185580 0.982084
1.185609 0.972410
1.185639 0.959217
1.185669 0.940864
1.185698 0.923244
1.185728 0.919722
1.185758 0.928552
1.185787 0.953839
1.185817 0.974596
1.185847 0.989674
1.185876 0.996764
1.185906 0.998591
1.185936 0.998097
1.185965 0.996484
1.185995 0.994707
1.186025 0.991374
1.186054 0.981805
1.186084 0.964195
1.186114 0.942237
1.186143 0.920030
1.186173 0.912545
1.186203 0.926840
1.186232 0.954453
1.186262 0.975775
1.186292 0.987028
1.186321 0.988296
1.186351 0.985666
1.186381 0.982847
1.186410 0.982238
1.186440 0.984035
1.186470 0.986241
1.186499 0.988116
1.186529 0.990287
1.186559 0.994559
1.186588 0.998725
1.186618 1.001405
1.186648 1.001796
1.186677 1.000612
1.186707 0.999398
1.186737 0.999131
1.186766 0.999910
1.186796 1.001326
1.186826 1.002685
1.186855 1.003616
1.186885 1.004094
1.186915 1.004378
1.186944 1.004720
1.186974 1.004944
1.187004 1.004363
1.187033 1.001765
1.187063 0.994575
1.187093 0.984390
1.187122 0.972724
1.187152 0.963772
1.187182 0.955254
1.187211 0.942292
1.187241 0.920447
1.187271 0.907810
1.187300 0.906372
1.187330 0.913937
1.187360 0.921615
1.187389 0.923448
1.187419 0.925273
1.187449 0.931976
1.187478 0.940127
1.187508 0.939711
1.187538 0.930482
1.187567 0.924594
1.187597 0.931543
1.187627 0.950184
1.187656 0.969004
1.187686 0.981928
1.187716 0.989380
1.187745 0.994001
1.187775 0.997064
1.187805 0.998923
1.187834 0.999811
1.187864 0.999181
1.187894 0.995585
1.187923 0.988741
1.187953 0.980692
1.187983 0.975896
1.188012 0.975209
1.188042 0.978613
1.188072 0.982414
1.188101 0.977483
1.188131 0.952410
1.188161 0.908540
1.188190 0.821691
1.188220 0.716013
1.188250 0.605578
1.188279 0.535303
1.188309 0.512880
1.188339 0.515060
1.188368 0.522793
1.188398 0.541164
1.188428 0.602625
1.188457 0.710488
1.188487 0.824828
1.188517 0.907444
1.188546 0.968731
1.188576 0.991717
1.188606 0.998289
1.188635 1.000402
1.188665 1.000538
1.188695 1.000640
1.188724 1.000629
1.188754 0.999357
1.188784 0.994665
1.188813 0.982442
1.188843 0.958873
1.188873 0.933135
1.188902 0.919459
1.188932 0.920414
1.188962 0.928226
1.188991 0.931524
1.189021 0.927566
1.189051 0.927992
1.189080 0.941035
1.189110 0.960187
1.189140 0.974389
1.189169 0.971728
1.189199 0.941436
1.189229 0.885312
1.189258 0.824183
1.189288 0.782867
1.189318 0.782611
1.189347 0.816226
1.189377 0.862024
1.189407 0.907626
1.189436 0.941263
1.189466 0.956687
1.189496 0.959285
1.189525 0.962116
1.189555 0.967481
1.189585 0.973188
1.189614 0.981514
1.189644 0.988173
1.189674 0.994575
1.189703 0.998186
1.189733 0.998799
1.189763 0.996741
1.189792 0.994093
1.189822 0.992778
1.189852 0.992760
1.189881 0.993911
1.189911 0.994886
1.189941 0.994972
1.189970 0.994145
1.190000 0.993451
1.190030 0.993495
1.190059 0.994596
1.190089 0.996452
1.190119 0.998501
1.190148 1.000244
1.190178 1.000703
1.190208 0.999018
1.190237 0.995449
1.190267 0.992594
1.190297 0.988465
1.190326 0.980235
1.190356 0.964311
1.190386 0.938200
1.190415 0.914009
1.190445 0.898133
1.190475 0.902642
1.190504 0.926182
1.190534 0.961821
1.190564 0.984898
1.190593 0.997903
1.190623 1.002543
1.190653 1.002367
1.190682 0.996595
1.190712 0.985638
1.190742 0.964392
1.190771 0.938714
1.190801 0.920314
1.190831 0.915969
1.190860 0.930169
1.190890 0.955767
1.190920 0.977111
1.190949 0.993700
1.190979 1.001200
1.191009 1.004163
1.191038 1.004602
1.191068 1.002449
1.191098 0.997291
1.191127 0.988219
1.191157 0.979474
1.191187 0.974783
1.191216 0.976583
1.191246 0.984731
1.191276 0.992903
1.191305 1.000578
1.191335 1.004133
1.191365 1.003145
1.191394 0.997116
1.191424 0.987850
1.191454 0.978143
1.191483 0.973350
1.191513 0.976796
1.191543 0.982701
1.191572 0.988164
1.191602 0.991078
1.191632 0.993294
1.191661 0.996535
1.191691 0.999926
1.191721 1.002950
1.191750 1.004494
1.191780 1.003953
1.191810 1.000744
1.191839 0.996489
1.191869 0.991480
1.191899 0.987384
1.191929 0.985395
1.191958 0.984429
1.191988 0.983391
1.192018 0.980477
1.192047 0.970838
1.192077 0.954469
1.192107 0.934415
1.192136 0.924200
1.192166 0.927017
1.192196 0.944075
1.192225 0.965486
1.192255 0.979336
1.192285 0.987981
1.192314 0.992990
1.192344 0.995432
1.192374 0.995271
1.192403 0.991964
1.192433 0.987575
1.192463 0.984161
1.192492 0.980037
1.192522 0.970984
1.192552 0.952773
1.192581 0.929606
1.192611 0.914752
1.192641 0.918271
1.192670 0.936877
1.192700 0.959873
1.192730 0.977762
1.192759 0.988435
1.192789 0.993915
1.192819 0.996319
1.192848 0.996013
1.192878 0.993336
1.192908 0.989930
1.192937 0.988485
1.192967 0.989675
1.192997 0.992815
1.193026 0.995901
1.193056 0.998321
1.193086 1.000741
1.193115 1.002881
1.193145 1.004572
1.193175 1.005619
1.193204 1.006347
1.193234 1.006398
1.193264 1.005436
1.193293 1.003284
1.193323 1.000201
1.193353 0.998376
1.193382 0.997364
1.193412 0.996734
1.193442 0.995056
1.193471 0.991762
1.193501 0.989025
1.193531 0.988329
1.193560 0.989106
1.193590 0.988138
1.193620 0.979493
1.193649 0.957973
1.193679 0.929181
1.193709 0.908845
1.193738 0.905513
1.193768 0.922911
1.193798 0.946834
1.193827 0.971389
1.193857 0.984647
1.193887 0.995659
1.193916 0.999091
1.193946 0.999274
1.193976 0.997587
1.194005 0.993707
1.194035 0.986385
1.194065 0.971558
1.194094 0.950980
1.194124 0.933237
1.194154 0.926224
1.194183 0.933405
1.194213 0.949986
1.194243 0.964648
1.194272 0.978735
1.194302 0.987623
1.194332 0.993181
1.194361 0.996138
1.194391 0.997779
1.194421 0.998926
1.194450 0.999857
1.194480 1.000214
1.194510 0.999599
1.194539 0.998286
1.194569 0.997290
1.194599 0.996361
1.194628 0.995139
1.194658 0.993538
1.194688 0.992358
1.194717 0.990444
1.194747 0.986790
1.194777 0.978163
1.194806 0.964899
1.194836 0.942919
1.194866 0.896585
1.194895 0.846297
1.194925 0.788973
1.194955 0.758666
1.194984 0.783461
1.195014 0.846827
1.195044 0.913186
1.195073 0.958606
1.195103 0.978001
1.195133 0.985127
1.195162 0.987263
1.195192 0.989185
1.195222 0.992060
1.195251 0.995700
1.195281 0.999339
1.195311 1.000689
1.195340 0.996256
1.195370 0.980999
1.195400 0.957630
1.195429 0.933088
1.195459 0.920484
1.195489 0.917746
1.195518 0.915947
1.195548 0.906598
1.195578 0.894485
1.195607 0.893700
1.195637 0.911357
1.195667 0.941454
1.195696 0.967869
1.195726 0.982663
1.195756 0.988997
1.195785 0.990054
1.195815 0.987062
1.195845 0.977831
1.195874 0.962037
1.195904 0.941234
1.195934 0.924820
1.195963 0.927686
1.195993 0.947614
1.196023 0.967162
1.196052 0.983902
1.196082 0.993221
1.196112 0.995617
1.196141 0.996400
1.196171 0.996741
1.196201 0.995969
1.196230 0.993242
1.196260 0.988863
1.196290 0.985330
1.196319 0.984832
1.196349 0.986503
1.196379 0.987581
1.196408 0.986921
1.196438 0.984929
1.196468 0.982657
1.196497 0.982009
1.196527 0.983452
1.196557 0.986392
1.196586 0.989093
1.196616 0.989843
1.196646 0.988419
1.196675 0.987306
1.196705 0.988060
1.196735 0.990861
1.196764 0.994396
1.196794 0.996983
1.196824 0.996518
1.196853 0.993321
1.196883 0.986239
1.196913 0.975675
1.196942 0.957485
1.196972 0.934056
1.197002 0.909652
1.197031 0.893275
1.197061 0.895125
1.197091 0.909506
1.197120 0.921962
1.197150 0.916390
1.197180 0.876506
1.197209 0.799366
1.197239 0.695162
1.197269 0.592858
1.197298 0.508952
1.197328 0.470101
1.197358 0.492368
1.197387 0.588625
1.197417 0.709561
1.197447 0.807855
1.197476 0.879523
1.197506 0.911623
1.197536 0.927909
1.197565 0.943476
1.197595 0.964129
1.197625 0.982081
1.197654 0.991622
1.197684 0.996194
1.197714 0.996568
1.197743 0.994900
1.197773 0.991795
1.197803 0.988635
1.197832 0.986904
1.197862 0.986775
1.197892 0.988585
1.197921 0.991271
1.197951 0.993285
1.197981 0.993757
1.198010 0.991875
1.198040 0.989565
1.198070 0.987738
1.198099 0.985980
1.198129 0.981431
1.198159 0.974132
1.198188 0.965105
1.198218 0.956596
1.198248 0.952044
1.198277 0.944721
1.198307 0.922922
1.198337 0.869218
1.198366 0.786723
1.198396 0.720646
1.198426 0.696934
1.198455 0.739208
1.198485 0.810731
1.198515 0.884163
1.198544 0.942959
1.198574 0.969429
1.198604 0.977975
1.198633 0.979678
1.198663 0.978653
1.198693 0.976892
1.198722 0.970927
1.198752 0.960145
1.198782 0.941826
1.198811 0.923716
1.198841 0.918261
1.198871 0.931359
1.198900 0.954082
1.198930 0.969971
1.198960 0.979496
1.198989 0.980355
1.199019 0.969416
1.199049 0.940160
1.199078 0.883294
1.199108 0.814005
1.199138 0.763349
1.199167 0.754936
1.199197 0.785928
1.199227 0.840427
1.199256 0.884851
1.199286 0.914629
1.199316 0.919030
1.199345 0.922031
1.199375 0.932730
1.199405 0.950812
1.199434 0.965823
1.199464 0.977848
1.199494 0.984077
1.199523 0.988421
1.199553 0.991204
1.199583 0.993297
1.199612 0.994609
1.199642 0.994330
1.199672 0.992598
1.199701 0.990146
1.199731 0.989015
1.199761 0.989084
1.199790 0.990184
1.199820 0.992276
1.199850 0.995994
1.199879 0.999781
1.199909 1.002259
1.199939 1.004040
1.199968 1.004178
1.199998 1.000156
1.200028 0.996134
1.200057 0.990197
1.200087 0.985425
1.200117 0.983565
1.200146 0.983767
1.200176 0.984089
1.200206 0.983600
1.200235 0.982467
1.200265 0.980234
1.200295 0.973523
1.200324 0.959588
1.200354 0.936907
1.200384 0.914745
1.200413 0.896562
1.200443 0.894961
1.200473 0.900033
1.200502 0.905496
1.200532 0.911164
1.200562 0.921508
1.200591 0.937208
1.200621 0.952530
1.200651 0.961372
1.200680 0.965952
1.200710 0.971684
1.200740 0.980233
1.200769 0.988786
1.200799 0.995596
1.200829 0.998228
1.200858 0.996527
1.200888 0.988613
1.200918 0.975254
1.200947 0.955124
1.200977 0.935023
1.201007 0.927837
1.201036 0.934797
1.201066 0.953632
1.201096 0.969136
1.201125 0.980943
1.201155 0.985966
1.201185 0.984917
1.201214 0.980347
1.201244 0.975040
1.201274 0.972664
1.201304 0.974785
1.201333 0.979456
1.201363 0.985734
1.201393 0.990784
1.201422 0.995497
1.201452 0.999426
1.201482 1.000809
1.201511 1.000135
1.201541 0.998116
1.201571 0.996095
1.201600 0.994579
1.201630 0.992267
1.201660 0.987077
1.201689 0.979578
1.201719 0.974658
1.201749 0.974561
1.201778 0.977807
1.201808 0.983513
1.201838 0.988668
1.201867 0.992426
1.201897 0.993518
1.201927 0.992684
1.201956 0.991256
1.201986 0.990183
1.202016 0.989897
1.202045 0.990293
1.202075 0.990976
1.202105 0.990911
1.202134 0.987435
1.202164 0.979249
1.202194 0.964591
1.202223 0.945430
1.202253 0.927037
1.202283 0.918112
1.202312 0.924581
1.202342 0.944931
1.202372 0.967878
1.202401 0.983108
1.202431 0.990896
1.202461 0.992987
1.202490 0.991897
1.202520 0.990423
1.202550 0.990229
1.202579 0.992286
1.202609 0.994101
1.202639 0.993272
1.202668 0.986881
1.202698 0.975028
1.202728 0.954470
1.202757 0.934183
1.202787 0.921121
1.202817 0.921816
1.202846 0.937772
1.202876 0.961501
1.202906 0.978196
1.202935 0.987344
1.202965 0.986680
1.202995 0.974606
1.203024 0.942238
1.203054 0.882495
1.203084 0.809846
1.203113 0.728714
1.203143 0.679888
1.203173 0.691938
1.203202 0.764448
1.203232 0.843707
1.203262 0.907598
1.203291 0.950238
1.203321 0.972039
1.203351 0.980335
1.203380 0.982963
1.203410 0.984265
1.203440 0.986281
1.203469 0.988887
1.203499 0.990453
1.203529 0.989513
1.203558 0.987208
1.203588 0.985119
1.203618 0.985640
1.203647 0.989525
1.203677 0.994149
1.203707 0.998021
1.203736 0.997940
1.203766 0.991186
1.203796 0.975692
1.203825 0.953859
1.203855 0.932047
1.203885 0.918493
1.203914 0.915822
1.203944 0.920201
1.203974 0.926725
1.204003 0.936811
1.204033 0.949023
1.204063 0.961493
1.204092 0.969484
1.204122 0.970515
1.204152 0.965620
1.204181 0.960011
1.204211 0.958527
1.204241 0.963275
1.204270 0.971674
1.204300 0.978572
1.204330 0.978964
1.204359 0.972622
1.204389 0.961532
1.204419 0.950792
1.204448 0.937641
1.204478 0.926710
1.204508 0.920319
1.204537 0.923138
1.204567 0.938835
1.204597 0.956783
1.204626 0.975252
1.204656 0.988032
1.204686 0.995634
1.204715 0.997984
1.204745 0.997289
1.204775 0.994837
1.204804 0.993050
1.204834 0.992961
1.204864 0.994169
1.204893 0.995555
1.204923 0.995417
1.204953 0.993155
1.204982 0.990401
1.205012 0.988640
1.205042 0.989158
1.205071 0.992503
1.205101 0.996571
1.205131 0.997916
1.205160 0.994384
1.205190 0.979913
1.205220 0.950809
1.205249 0.923219
1.205279 0.902584
1.205309 0.896572
1.205338 0.909957
1.205368 0.935739
1.205398 0.962593
1.205427 0.978799
1.205457 0.986476
1.205487 0.988303
1.205516 0.985790
1.205546 0.982010
1.205576 0.979573
1.205605 0.980753
1.205635 0.984970
1.205665 0.987765
1.205694 0.984604
1.205724 0.972789
1.205754 0.954362
1.205783 0.937396
1.205813 0.931975
1.205843 0.941527
1.205872 0.963401
1.205902 0.983796
1.205932 0.994949
1.205961 1.000909
1.205991 1.003045
1.206021 1.003278
1.206050 1.002380
1.206080 1.001575
1.206110 1.001238
1.206139 1.001164
1.206169 1.000654
1.206199 0.998227
1.206228 0.990248
1.206258 0.974292
1.206288 0.954560
1.206317 0.935472
1.206347 0.925117
1.206377 0.926781
1.206406 0.940587
1.206436 0.959038
1.206466 0.972601
1.206495 0.981538
1.206525 0.985826
1.206555 0.987143
1.206584 0.988072
1.206614 0.989692
1.206644 0.992013
1.206673 0.993408
1.206703 0.993774
1.206733 0.993500
1.206762 0.993092
1.206792 0.992354
1.206822 0.991058
1.206851 0.988835
1.206881 0.985741
1.206911 0.983315
1.206940 0.983558
1.206970 0.986012
1.207000 0.989604
1.207029 0.992735
1.207059 0.994156
1.207089 0.992183
1.207118 0.987982
1.207148 0.984181
1.207178 0.982820
1.207207 0.984614
1.207237 0.987798
1.207267 0.987895
1.207296 0.981779
1.207326 0.968734
1.207356 0.952306
1.207385 0.937573
1.207415 0.934754
1.207445 0.945898
1.207474 0.963994
1.207504 0.979970
1.207534 0.986513
1.207563 0.988759
1.207593 0.989625
1.207623 0.990020
1.207652 0.990139
1.207682 0.990596
1.207712 0.991816
1.207741 0.993148
1.207771 0.992859
1.207801 0.989722
1.207830 0.985836
1.207860 0.983589
1.207890 0.985021
1.207919 0.988407
1.207949 0.990111
1.207979 0.985948
1.208008 0.973596
1.208038 0.956764
1.208068 0.934724
1.208097 0.913343
1.208127 0.898452
1.208157 0.894666
1.208186 0.894893
1.208216 0.885782
1.208246 0.847774
1.208275 0.787394
1.208305 0.704023
1.208335 0.660559
1.208364 0.670562
1.208394 0.730394
1.208424 0.822395
1.208453 0.900164
1.208483 0.954957
1.208513 0.985209
1.208542 0.998026
1.208572 0.999799
1.208602 0.998385
1.208631 0.995836
1.208661 0.992088
1.208691 0.988050
1.208720 0.985187
1.208750 0.983390
1.208780 0.982837
1.208809 0.982231
1.208839 0.980177
1.208869 0.977376
1.208898 0.976134
1.208928 0.978753
1.208958 0.984927
1.208987 0.992917
1.209017 0.998145
1.209047 1.002690
1.209076 1.004491
1.209106 1.004258
1.209136 1.002721
1.209165 1.000286
1.209195 0.996330
1.209225 0.990349
1.209254 0.981991
1.209284 0.971427
1.209314 0.959873
1.209343 0.942562
1.209373 0.927193
1.209403 0.922803
1.209432 0.934222
1.209462 0.954385
1.209492 0.975290
1.209521 0.985516
1.209551 0.990137
1.209581 0.992988
1.209610 0.995515
1.209640 0.998221
1.209670 0.999421
1.209699 0.997437
1.209729 0.993159
1.209759 0.989232
1.209788 0.987006
1.209818 0.985805
1.209848 0.981812
1.209877 0.969357
1.209907 0.949190
1.209937 0.934909
1.209966 0.927118
1.209996 0.932001
1.210026 0.942478
1.210055 0.959244
1.210085 0.970356
1.210115 0.979043
1.210144 0.983353
1.210174 0.980840
1.210204 0.969889
1.210233 0.946554
1.210263 0.906944
1.210293 0.847266
1.210322 0.802917
1.210352 0.779436
1.210382 0.798347
1.210411 0.852214
1.210441 0.909107
1.210471 0.955520
1.210500 0.982568
1.210530 0.996673
1.210560 1.000598
1.210589 1.001320
1.210619 1.001217
1.210649 1.000447
1.210679 0.998289
1.210708 0.995770
1.210738 0.993107
1.210768 0.992051
1.210797 0.992572
1.210827 0.993314
1.210857 0.992114
1.210886 0.985574
1.210916 0.972017
1.210946 0.949766
1.210975 0.928395
1.211005 0.914202
1.211035 0.908144
1.211064 0.918076
1.211094 0.937685
1.211124 0.957569
1.211153 0.971284
1.211183 0.980347
1.211213 0.984325
1.211242 0.986344
1.211272 0.987152
1.211302 0.985833
1.211331 0.981799
1.211361 0.977835
1.211391 0.975245
1.211420 0.975403
1.211450 0.976810
1.211480 0.976569
1.211509 0.974208
1.211539 0.972195
1.211569 0.973358
1.211598 0.977799
1.211628 0.983129
1.211658 0.984602
1.211687 0.980407
1.211717 0.969029
1.211747 0.955336
1.211776 0.941113
1.211806 0.935573
1.211836 0.937686
1.211865 0.940415
1.211895 0.935631
1.211925 0.927789
1.211954 0.925737
1.211984 0.936548
1.212014 0.951736
1.212043 0.967606
1.212073 0.980787
1.212103 0.988831
1.212132 0.991104
1.212162 0.992043
1.212192 0.994267
1.212221 0.997947
1.212251 1.001387
1.212281 1.003889
1.212310 1.004447
1.212340 1.003108
1.212370 1.001510
1.212399 1.000080
1.212429 0.999600
1.212459 1.000371
1.212488 1.001293
1.212518 1.000520
1.212548 0.995720
1.212577 0.987767
1.212607 0.978370
1.212637 0.971233
1.212666 0.966573
1.212696 0.965613
1.212726 0.967076
1.212755 0.970978
1.212785 0.976752
1.212815 0.984532
1.212844 0.992481
1.212874 0.998800
1.212904 1.000912
1.212933 0.997962
1.212963 0.989774
1.212993 0.972677
1.213022 0.953044
1.213052 0.935540
1.213082 0.930672
1.213111 0.942976
1.213141 0.959860
1.213171 0.978832
1.213200 0.990300
1.213230 0.993545
1.213260 0.991643
1.213289 0.987327
1.213319 0.983456
1.213349 0.981906
1.213378 0.982738
1.213408 0.985704
1.213438 0.990074
1.213467 0.994008
1.213497 0.995580
1.213527 0.993055
1.213556 0.982225
1.213586 0.964054
1.213616 0.947282
1.213645 0.940321
1.213675 0.944610
1.213705 0.957246
1.213734 0.974294
1.213764 0.989006
1.213794 0.995765
1.213823 0.998791
1.213853 0.999388
1.213883 0.997847
1.213912 0.994943
1.213942 0.992217
1.213972 0.992031
1.214001 0.993561
1.214031 0.995346
1.214061 0.996115
1.214090 0.996339
1.214120 0.996011
1.214150 0.994140
1.214179 0.990133
1.214209 0.985736
1.214239 0.983248
1.214268 0.982648
1.214298 0.983416
1.214328 0.984637
1.214357 0.986598
1.214387 0.988843
1.214417 0.992370
1.214446 0.995141
1.214476 0.995808
1.214506 0.994061
1.214535 0.991606
1.214565 0.988316
1.214595 0.980048
1.214624 0.967053
1.214654 0.949654
1.214684 0.937312
1.214713 0.937703
1.214743 0.950992
1.214773 0.969505
1.214802 0.985442
1.214832 0.995601
1.214862 1.001057
1.214891 1.003787
1.214921 1.005050
1.214951 1.005438
1.214980 1.005153
